  2.7800000e+002  3.2023476e-001
  2.7850000e+002  3.1969216e-001
  2.7900000e+002  3.1189023e-001
  2.7950000e+002  3.1694987e-001
  2.8000000e+002  3.1601095e-001
  2.8050000e+002  3.1226215e-001
  2.8100000e+002  3.1447748e-001
  2.8150000e+002  3.1310752e-001
  2.8200000e+002  3.1322569e-001
  2.8250000e+002  3.1075791e-001
  2.8300000e+002  3.1300001e-001
  2.8350000e+002  3.2530907e-001
  2.8400000e+002  3.6465038e-001
  2.8450000e+002  4.1984065e-001
  2.8465000e+002  4.2973547e-001
  2.8480000e+002  4.4552628e-001
  2.8495000e+002  4.6362835e-001
  2.8510000e+002  4.6360964e-001
  2.8525000e+002  4.6265942e-001
  2.8540000e+002  4.6456544e-001
  2.8555000e+002  4.5545127e-001
  2.8570000e+002  4.4928369e-001
  2.8585000e+002  4.4411839e-001
  2.8600000e+002  4.4265278e-001
  2.8615000e+002  4.4773382e-001
  2.8630000e+002  4.5416549e-001
  2.8645000e+002  4.6862405e-001
  2.8660000e+002  4.7240613e-001
  2.8675000e+002  4.6615719e-001
  2.8690000e+002  4.6032111e-001
  2.8705000e+002  4.5900309e-001
  2.8720000e+002  4.6270493e-001
  2.8735000e+002  4.7199558e-001
  2.8750000e+002  4.8933873e-001
  2.8765000e+002  5.0473175e-001
  2.8780000e+002  5.3292140e-001
  2.8795000e+002  5.6484580e-001
  2.8810000e+002  5.9020904e-001
  2.8825000e+002  6.3093755e-001
  2.8840000e+002  6.7249749e-001
  2.8855000e+002  6.8932328e-001
  2.8870000e+002  6.6388122e-001
  2.8885000e+002  6.3756523e-001
  2.8900000e+002  6.2736320e-001
  2.8915000e+002  6.1429991e-001
  2.8930000e+002  6.2519117e-001
  2.8945000e+002  6.3273332e-001
  2.8960000e+002  6.3968783e-001
  2.8975000e+002  6.3079175e-001
  2.8990000e+002  6.2506934e-001
  2.9005000e+002  6.3287565e-001
  2.9020000e+002  6.3092426e-001
  2.9035000e+002  6.3386224e-001
  2.9050000e+002  6.3725474e-001
  2.9065000e+002  6.3414991e-001
  2.9080000e+002  6.3347703e-001
  2.9095000e+002  6.3201460e-001
  2.9110000e+002  6.3638271e-001
  2.9125000e+002  6.3416943e-001
  2.9140000e+002  6.2900429e-001
  2.9155000e+002  6.3424283e-001
  2.9170000e+002  6.3641518e-001
  2.9185000e+002  6.4447558e-001
  2.9200000e+002  6.4521704e-001
  2.9250000e+002  6.4853471e-001
  2.9300000e+002  6.5157876e-001
  2.9350000e+002  6.5449884e-001
  2.9400000e+002  6.5300081e-001
  2.9450000e+002  6.5198508e-001
  2.9500000e+002  6.5186854e-001
  2.9550000e+002  6.5510862e-001
  2.9560000e+002  6.5740994e-001
  2.9582100e+002  6.6910464e-001
  2.9604200e+002  6.7414408e-001
  2.9626300e+002  6.8662460e-001
  2.9648400e+002  6.9810554e-001
  2.9670500e+002  6.9893759e-001
  2.9692600e+002  7.3482480e-001
  2.9714700e+002  8.2219785e-001
  2.9736800e+002  7.6243883e-001
  2.9758900e+002  6.8448342e-001
  2.9781000e+002  6.6108063e-001
  2.9803100e+002  6.5113106e-001
  2.9825200e+002  6.4935093e-001
  2.9847300e+002  6.4890439e-001
  2.9869400e+002  6.5382975e-001
  2.9891500e+002  6.6568734e-001
  2.9913600e+002  6.9385883e-001
  2.9935700e+002  6.8831023e-001
  2.9957800e+002  7.1696527e-001
  2.9979900e+002  7.7840832e-001
  3.0002000e+002  7.3939391e-001
  3.0024100e+002  6.8773151e-001
  3.0046200e+002  6.6842798e-001
  3.0068300e+002  6.5342239e-001
  3.0090400e+002  6.5146636e-001
  3.0112500e+002  6.4593225e-001
  3.0134600e+002  6.4507004e-001
  3.0156700e+002  6.4260248e-001
  3.0178800e+002  6.3982237e-001
  3.0200900e+002  6.3757773e-001
  3.0300000e+002  6.2865181e-001
  3.0488900e+002  6.0344224e-001
  3.0677800e+002  5.7916520e-001
  3.0866700e+002  5.5603389e-001
  3.1055600e+002  5.3708594e-001
  3.1244500e+002  5.2422206e-001
  3.1433400e+002  5.0717113e-001
  3.1622300e+002  4.9844843e-001
  3.1811200e+002  4.8587575e-001
  3.2000100e+002  4.7972945e-001
