   6.7500000e+02   2.6237779e-05
   6.7550000e+02  -1.9056051e-06
   6.7600000e+02   2.4121011e-05
   6.7650000e+02   1.2227626e-05
   6.7700000e+02   1.4684242e-05
   6.7750000e+02   2.1250858e-05
   6.7800000e+02   2.0027474e-05
   6.7850000e+02  -7.6859107e-06
   6.7900000e+02   1.4820705e-05
   6.7950000e+02   2.1457321e-05
   6.8000000e+02   4.3039365e-06
   6.8050000e+02   2.5030552e-05
   6.8100000e+02   1.5597168e-05
   6.8150000e+02  -1.3546216e-05
   6.8200000e+02   2.3620399e-05
   6.8250000e+02   9.0470152e-06
   6.8300000e+02  -2.6263691e-06
   6.8350000e+02   1.7050247e-05
   6.8400000e+02   1.2546862e-05
   6.8450000e+02   4.4034781e-06
   6.8500000e+02   1.0300939e-06
   6.8550000e+02  -5.7532904e-06
   6.8600000e+02   7.1633254e-06
   6.8650000e+02  -1.5360059e-05
   6.8700000e+02  -1.6633443e-05
   6.8750000e+02  -2.6456827e-05
   6.8800000e+02  -3.4420212e-05
   6.8850000e+02  -2.3623596e-05
   6.8900000e+02  -8.3969802e-06
   6.8950000e+02  -5.2203645e-06
   6.9000000e+02  -1.4323749e-05
   6.9050000e+02  -3.3047133e-05
   6.9100000e+02  -7.0051727e-07
   6.9150000e+02  -1.2893902e-05
   6.9200000e+02  -7.2472858e-06
   6.9250000e+02  -1.0590670e-05
   6.9300000e+02  -6.6540543e-06
   6.9350000e+02  -1.7217439e-05
   6.9400000e+02  -2.4100823e-05
   6.9450000e+02  -3.8342071e-06
   6.9500000e+02  -1.9107591e-05
   6.9550000e+02  -1.7100976e-05
   6.9600000e+02  -2.2084360e-05
   6.9650000e+02  -6.0367744e-05
   6.9700000e+02  -3.1921128e-05
   6.9750000e+02  -3.1264513e-05
   6.9800000e+02  -2.1427897e-05
   6.9850000e+02  -1.0341281e-05
   6.9900000e+02  -1.6734665e-05
   6.9950000e+02  -4.0548050e-05
   7.0000000e+02  -3.2931434e-05
   7.0050000e+02  -9.3748183e-06
   7.0100000e+02  -6.3820252e-07
   7.0150000e+02  -1.1151587e-05
   7.0200000e+02  -5.9424971e-05
   7.0250000e+02  -1.4848355e-05
   7.0300000e+02  -3.5851740e-05
   7.0320000e+02   1.2384907e-05
   7.0335000e+02  -6.5351086e-06
   7.0350000e+02  -6.0151238e-06
   7.0365000e+02   1.9254861e-05
   7.0380000e+02   4.6464846e-05
   7.0395000e+02   2.5714830e-05
   7.0410000e+02   4.2554815e-05
   7.0425000e+02   5.1224800e-05
   7.0440000e+02   7.2454784e-05
   7.0455000e+02   2.4814769e-05
   7.0470000e+02   8.6564754e-05
   7.0485000e+02   8.3854739e-05
   7.0500000e+02   9.1134723e-05
   7.0515000e+02   1.5976471e-04
   7.0530000e+02   2.1864469e-04
   7.0545000e+02   3.3078468e-04
   7.0560000e+02   5.9500466e-04
   7.0575000e+02   8.3057465e-04
   7.0590000e+02   9.7474463e-04
   7.0605000e+02   1.0277346e-03
   7.0620000e+02   1.4117446e-03
   7.0635000e+02   1.5589646e-03
   7.0650000e+02   1.6697346e-03
   7.0665000e+02   1.9220046e-03
   7.0680000e+02   2.0605545e-03
   7.0695000e+02   2.7083945e-03
   7.0710000e+02   3.4659345e-03
   7.0725000e+02   4.1239345e-03
   7.0740000e+02   4.8164645e-03
   7.0755000e+02   5.4490445e-03
   7.0770000e+02   5.8008644e-03
   7.0785000e+02   5.8238244e-03
   7.0800000e+02   5.4688344e-03
   7.0815000e+02   5.5452244e-03
   7.0830000e+02   5.1770744e-03
   7.0845000e+02   4.7975644e-03
   7.0860000e+02   4.4867644e-03
   7.0875000e+02   3.8126643e-03
   7.0890000e+02   3.1803743e-03
   7.0905000e+02   2.8022343e-03
   7.0920000e+02   2.6718343e-03
   7.0935000e+02   2.6739443e-03
   7.0950000e+02   2.7010543e-03
   7.0965000e+02   2.7606142e-03
   7.0980000e+02   2.7346442e-03
   7.0995000e+02   2.6416442e-03
   7.1010000e+02   2.5623342e-03
   7.1025000e+02   2.3656342e-03
   7.1040000e+02   2.3069342e-03
   7.1055000e+02   2.0678042e-03
   7.1070000e+02   1.8183641e-03
   7.1085000e+02   1.5816941e-03
   7.1100000e+02   1.3895941e-03
   7.1115000e+02   1.2491341e-03
   7.1130000e+02   1.2341941e-03
   7.1145000e+02   1.2127441e-03
   7.1160000e+02   1.2018641e-03
   7.1175000e+02   1.1063540e-03
   7.1190000e+02   9.9974402e-04
   7.1205000e+02   8.5177401e-04
   7.1220000e+02   8.1020399e-04
   7.1235000e+02   7.0604397e-04
   7.1250000e+02   6.9726396e-04
   7.1265000e+02   6.5000394e-04
   7.1280000e+02   5.8558393e-04
   7.1295000e+02   5.5893391e-04
   7.1330000e+02   5.2683054e-04
   7.1370000e+02   4.9150384e-04
   7.1410000e+02   4.4784713e-04
   7.1450000e+02   4.0904042e-04
   7.1490000e+02   4.1043371e-04
   7.1530000e+02   4.0181701e-04
   7.1570000e+02   3.7893030e-04
   7.1610000e+02   3.5983359e-04
   7.1650000e+02   3.6285689e-04
   7.1690000e+02   3.7733018e-04
   7.1730000e+02   3.7444347e-04
   7.1770000e+02   3.8664676e-04
   7.1810000e+02   4.4267006e-04
   7.1820000e+02   4.4933338e-04
   7.1835000e+02   4.5698336e-04
   7.1850000e+02   5.0553335e-04
   7.1865000e+02   5.8388333e-04
   7.1880000e+02   6.7426332e-04
   7.1895000e+02   8.6044330e-04
   7.1910000e+02   1.0879233e-03
   7.1925000e+02   1.2507333e-03
   7.1940000e+02   1.2753633e-03
   7.1955000e+02   1.2547632e-03
   7.1970000e+02   1.2889232e-03
   7.1985000e+02   1.3882932e-03
   7.2000000e+02   1.5156632e-03
   7.2015000e+02   1.7007932e-03
   7.2030000e+02   1.9321032e-03
   7.2045000e+02   2.0307231e-03
   7.2060000e+02   1.9568031e-03
   7.2075000e+02   1.9357931e-03
   7.2090000e+02   1.9090331e-03
   7.2105000e+02   1.8697031e-03
   7.2120000e+02   1.7870531e-03
   7.2135000e+02   1.6761931e-03
   7.2150000e+02   1.5040930e-03
   7.2165000e+02   1.3651730e-03
   7.2180000e+02   1.2509730e-03
   7.2195000e+02   1.1810330e-03
   7.2210000e+02   1.1307030e-03
   7.2225000e+02   1.1271530e-03
   7.2240000e+02   1.0792230e-03
   7.2255000e+02   1.0693129e-03
   7.2270000e+02   1.0690829e-03
   7.2285000e+02   1.0815229e-03
   7.2300000e+02   1.1098729e-03
   7.2315000e+02   1.1300929e-03
   7.2330000e+02   1.1022729e-03
   7.2345000e+02   1.0358728e-03
   7.2360000e+02   9.7037283e-04
   7.2375000e+02   9.1625281e-04
   7.2390000e+02   8.3860280e-04
   7.2405000e+02   8.0644278e-04
   7.2420000e+02   7.6759277e-04
   7.2435000e+02   7.3905275e-04
   7.2450000e+02   7.0658274e-04
   7.2465000e+02   6.7082272e-04
   7.2480000e+02   6.4010271e-04
   7.2495000e+02   6.2211269e-04
   7.2510000e+02   5.9149268e-04
   7.2525000e+02   6.0601266e-04
   7.2540000e+02   6.0755265e-04
   7.2555000e+02   5.7003263e-04
   7.2570000e+02   5.7835261e-04
   7.2585000e+02   5.6650260e-04
   7.2600000e+02   5.1785258e-04
   7.2650000e+02   5.5471920e-04
   7.2700000e+02   5.5612582e-04
   7.2750000e+02   5.4683243e-04
   7.2800000e+02   5.6497905e-04
   7.2850000e+02   5.4003566e-04
   7.2900000e+02   5.5686228e-04
   7.2950000e+02   5.7522889e-04
   7.3000000e+02   5.6999551e-04
   7.3050000e+02   5.6986213e-04
   7.3100000e+02   5.7538874e-04
   7.3150000e+02   6.1076536e-04
   7.3200000e+02   6.0661197e-04
   7.3250000e+02   6.1213859e-04
   7.3300000e+02   6.4240520e-04
   7.3350000e+02   6.4693182e-04
   7.3400000e+02   6.6246844e-04
   7.3500000e+02   6.4022167e-04
   7.3620000e+02   6.7722155e-04
   7.3740000e+02   6.9638142e-04
   7.3860000e+02   7.3233130e-04
   7.3980000e+02   7.3475118e-04
   7.4100000e+02   7.6159106e-04
   7.4220000e+02   7.8058093e-04
   7.4340000e+02   8.0028081e-04
   7.4460000e+02   8.1005069e-04
   7.4580000e+02   8.3183057e-04
   7.4700000e+02   7.9649045e-04
   7.4820000e+02   8.1155032e-04
   7.4940000e+02   8.0644020e-04
   7.5060000e+02   7.9276008e-04
   7.5180000e+02   8.0978996e-04
   7.5300000e+02   8.0282983e-04
   7.5420000e+02   8.1516971e-04
   7.5540000e+02   8.0083959e-04
   7.5660000e+02   8.0345947e-04
   7.5780000e+02   7.8781935e-04
   7.5900000e+02   7.9296922e-04
   7.6020000e+02   7.8205910e-04
   7.6140000e+02   7.7436898e-04
   7.6260000e+02   7.6064886e-04
   7.6380000e+02   7.6449873e-04
   7.6500000e+02   7.5899861e-04
   7.6620000e+02   7.4024849e-04
   7.6740000e+02   7.3489837e-04
   7.6860000e+02   7.2031825e-04
   7.6980000e+02   7.2476812e-04
   7.7100000e+02   7.1416800e-04
   7.7220000e+02   7.1503788e-04
   7.7340000e+02   6.9478776e-04
   7.7460000e+02   7.0443763e-04
   7.7580000e+02   7.2482751e-04
   7.7700000e+02   7.0159739e-04
   7.7820000e+02   7.2640727e-04
   7.7940000e+02   7.2287715e-04
   7.8060000e+02   7.0297702e-04
