  279.9988         0
  282.1660    0.0040
  282.7984    0.0110
  282.8909    0.0210
  283.3537    0.0247
  283.6699    0.0280
  283.8396    0.0320
  284.0015    0.0354
  284.0941    0.0384
  284.1712    0.0417
  284.2560    0.0521
  284.3332    0.0627
  284.4103    0.0801
  284.4951    0.1075
  284.5722    0.1382
  284.6494    0.1805
  284.7265    0.2399
  284.8190    0.3234
  284.8884    0.4138
  284.9656    0.4935
  285.0427    0.6080
  285.1198    0.6981
  285.2201    0.7892
  285.2818    0.8656
  285.3589    0.9143
  285.4514    0.9517
  285.5209    0.9607
  285.5980    0.9607
  285.7060    0.9517
  285.7831    0.9210
  285.8525    0.8833
  285.9450    0.8129
  286.0222    0.7438
  286.0993    0.6641
  286.1841    0.5800
  286.2613    0.5109
  286.3384    0.4688
  286.4232    0.4341
  286.5003    0.4094
  286.5775    0.3958
  286.6700    0.3891
  286.7317    0.3787
  286.8011    0.3721
  286.8937    0.3684
  286.9862    0.3651
  287.7652    0.3617
  287.8577    0.3621
  288.3436    0.3617
  288.5981    0.3577
  289.0609    0.3547
  289.1534    0.3514
  289.4542    0.3474
  289.7858    0.3440
  290.1791    0.3410
  290.5108    0.3440
  290.5879    0.3474
  290.7499    0.3514
  290.8270    0.3547
  290.9041    0.3617
  290.9890    0.3691
  291.0661    0.3827
  291.1432    0.3964
  291.2357    0.4211
  291.3052    0.4562
  291.3823    0.4935
  291.4748    0.5352
  291.5520    0.6017
  291.6368    0.6497
  291.7139    0.6954
  291.8219    0.7331
  291.8682    0.7475
  291.9684    0.7475
  292.0456    0.7405
  292.1227    0.7261
  292.2075    0.7118
  292.2692    0.6914
  292.3618    0.6804
  292.4543    0.6851
  292.5314    0.6884
  292.6008    0.6948
  292.6780    0.6988
  292.7705    0.7021
  292.8322    0.7021
  292.9942    0.7021
  293.0713    0.6988
  293.1638    0.6914
  293.2487    0.6851
  293.3104    0.6777
  293.4184    0.6701
  293.4801    0.6641
  293.5649    0.6570
  293.6420    0.6460
  293.7346    0.6357
  293.8117    0.6283
  293.8965    0.6217
  293.9737    0.6153
  294.0508    0.6043
  294.1356    0.5976
  294.1973    0.5943
  294.2744    0.5873
  294.3670    0.5840
  294.4595    0.5806
  294.5289    0.5770
  294.6215    0.5736
  294.7603    0.5706
  294.9223    0.5703
  295.1614    0.5663
  295.2385    0.5633
  295.3310    0.5593
  295.4776    0.5559
  295.6472    0.5526
  295.7398    0.5496
  295.8246    0.5449
  296.0560    0.5423
  296.1408    0.5383
  296.3876    0.5352
  296.4570    0.5312
  296.7038    0.5286
  296.7733    0.5246
  296.9429    0.5216
  297.0200    0.5182
  297.1049    0.5142
  297.1203    0.5109
  297.3517    0.5079
  297.4211    0.5039
  297.5136    0.5005
  297.5908    0.4965
  297.7527    0.4929
  297.8144    0.4902
  297.9918    0.4869
  298.1461    0.4829
  298.3157    0.4799
  298.4623    0.4765
  298.5394    0.4725
  298.7168    0.4688
  298.7939    0.4662
  299.0330    0.4622
  299.1101    0.4582
  299.3338    0.4555
  299.5189    0.4518
  299.8351    0.4485
  299.9816    0.4452
  300.7220    0.4452
  301.0228    0.4485
  301.5241    0.4525
  302.0948    0.4525
  302.2413    0.4588
  302.4110    0.4622
  302.6501    0.4662
  302.7118    0.4692
  302.8892    0.4725
  302.9663    0.4765
  303.0589    0.4792
  303.1745    0.4829
  303.2825    0.4869
  303.5216    0.4902
  303.7067    0.4935
  304.0306    0.4935
  304.4008    0.4935
  304.6399    0.4902
  304.8173    0.4869
  305.0487    0.4829
  305.2106    0.4799
  305.4034    0.4765
  305.6039    0.4759
  305.7813    0.4718
  305.9356    0.4765
  306.1901    0.4799
  306.4292    0.4829
  306.5063    0.4869
  306.6683    0.4902
  306.7454    0.4935
  306.8996    0.4965
  307.0462    0.5005
  307.2158    0.5039
  307.3932    0.5079
  307.5629    0.5079
  307.7249    0.5109
  308.0102    0.5109
  308.3573    0.5109
  308.5115    0.5079
  308.5886    0.5039
  308.7506    0.4999
  308.8432    0.4965
  308.9897    0.4929
  309.0822    0.4895
  309.1439    0.4862
  309.2365    0.4829
  309.3985    0.4799
  309.4601    0.4759
  309.5527    0.4718
  309.6375    0.4692
  309.7147    0.4655
  309.8072    0.4622
  309.8689    0.4582
  309.9537    0.4548
  310.0309    0.4512