  680.0000    0.0000
  681.0000    0.0001
  682.0000   -0.0000
  683.0000    0.0000
  684.0000    0.0001
  685.0000    0.0001
  686.0000   -0.0000
  687.0000    0.0000
  688.0000   -0.0000
  689.0000   -0.0000
  690.0000    0.0001
  691.0000   -0.0000
  691.2000    0.0001
  691.4000   -0.0000
  691.6000   -0.0000
  691.8000   -0.0000
  692.0000   -0.0000
  692.2000   -0.0000
  692.4000   -0.0001
  692.6000    0.0000
  692.8000    0.0001
  693.0000   -0.0000
  693.2000    0.0000
  693.4000   -0.0000
  693.6000   -0.0000
  693.8000    0.0000
  694.0000    0.0000
  694.2000   -0.0000
  694.4000   -0.0000
  694.6000   -0.0000
  694.8000   -0.0000
  695.0000   -0.0000
  695.2000    0.0000
  695.4000   -0.0000
  695.6000    0.0000
  695.8000    0.0000
  696.0000   -0.0000
  696.2000   -0.0000
  696.4000    0.0000
  696.6000   -0.0000
  696.8000   -0.0001
  697.0000   -0.0000
  697.2000   -0.0000
  697.4000   -0.0001
  697.6000   -0.0000
  697.8000   -0.0001
  698.0000   -0.0001
  698.2000    0.0000
  698.4000   -0.0000
  698.6000   -0.0000
  698.8000   -0.0001
  699.0000   -0.0000
  699.2000   -0.0000
  699.4000    0.0000
  699.6000    0.0000
  699.8000   -0.0000
  700.0000   -0.0000
  700.2000   -0.0000
  700.4000   -0.0000
  700.6000   -0.0001
  700.8000   -0.0000
  701.0000   -0.0000
  701.2000    0.0000
  701.4000   -0.0000
  701.6000   -0.0000
  701.8000   -0.0000
  702.0000   -0.0000
  702.2000    0.0000
  702.4000   -0.0000
  702.6000   -0.0000
  702.8000    0.0001
  703.0000    0.0001
  703.2000    0.0000
  703.4000    0.0000
  703.6000   -0.0000
  703.8000    0.0000
  704.0000    0.0000
  704.2000    0.0001
  704.4000    0.0000
  704.6000    0.0001
  704.8000    0.0001
  705.0000    0.0001
  705.2000    0.0002
  705.4000    0.0003
  705.6000    0.0005
  705.8000    0.0006
  706.0000    0.0009
  706.2000    0.0011
  706.3460    0.0009
  706.5460    0.0009
  706.7460    0.0012
  706.9460    0.0017
  707.1460    0.0021
  707.3460    0.0026
  707.5460    0.0036
  707.7460    0.0050
  707.9460    0.0063
  708.1460    0.0077
  708.3460    0.0089
  708.5460    0.0088
  708.7460    0.0078
  708.9460    0.0069
  709.1460    0.0079
  709.3460    0.0103
  709.5460    0.0138
  709.7460    0.0167
  709.9460    0.0182
  710.1460    0.0177
  710.3460    0.0159
  710.5460    0.0136
  710.7460    0.0116
  710.9460    0.0101
  711.1460    0.0088
  711.3460    0.0074
  711.5460    0.0065
  711.7460    0.0057
  711.9460    0.0055
  712.1460    0.0052
  712.3460    0.0050
  712.5460    0.0046
  712.7460    0.0044
  712.9460    0.0042
  713.1460    0.0041
  713.3460    0.0038
  713.5460    0.0036
  713.7460    0.0034
  713.9460    0.0033
  714.1460    0.0036
  714.3460    0.0034
  714.5460    0.0029
  714.7460    0.0024
  715.1460    0.0021
  715.3460    0.0022
  715.5460    0.0022
  715.7460    0.0021
  715.9460    0.0020
  716.1460    0.0019
  716.3460    0.0020
  716.5460    0.0020
  716.7460    0.0020
  716.9460    0.0017
  717.1460    0.0016
  717.3460    0.0015
  717.5460    0.0015
  717.7460    0.0014
  717.9460    0.0012
  718.1460    0.0012
  718.3460    0.0012
  718.5460    0.0014
  718.7460    0.0014
  718.9460    0.0014
  719.1460    0.0014
  719.3460    0.0014
  719.5460    0.0015
  719.7460    0.0014
  719.9460    0.0015
  720.1460    0.0016
  720.3460    0.0019
  720.5460    0.0021
  720.7460    0.0025
  720.9460    0.0028
  721.1460    0.0033
  721.3460    0.0035
  721.5460    0.0037
  721.7460    0.0036
  721.9460    0.0034
  722.1460    0.0034
  722.3460    0.0033
  722.5460    0.0034
  722.7460    0.0034
  722.9460    0.0037
  723.1460    0.0037
  723.3460    0.0038
  723.5460    0.0037
  723.7460    0.0036
  723.9460    0.0033
  724.1460    0.0030
  724.3460    0.0027
  724.5460    0.0026
  724.7460    0.0023
  724.9460    0.0023
  725.1460    0.0022
  725.3460    0.0021
  725.5460    0.0020
  725.7460    0.0017
  725.9460    0.0016
  726.1460    0.0016
  726.3460    0.0018
  726.5460    0.0018
  726.7460    0.0016
  726.9460    0.0013
  727.1460    0.0013
  727.6290    0.0012
  728.4000    0.0013
  728.6000    0.0014
  728.8000    0.0014
  729.0000    0.0014
  729.2000    0.0014
  729.4000    0.0013
  729.6000    0.0013
  729.8000    0.0013
  730.0000    0.0013
  730.2000    0.0013
  730.4000    0.0013
  730.6000    0.0013
  730.8000    0.0013
  731.0000    0.0014
  731.2000    0.0013
  731.4000    0.0013
  731.6000    0.0013
  731.8000    0.0013
  732.0000    0.0013
  732.2000    0.0013
  732.4000    0.0012
  732.6000    0.0013
  732.8000    0.0013
  733.0000    0.0013
  733.2000    0.0014
  733.4000    0.0013
  733.6000    0.0014
  733.8000    0.0014
  734.0000    0.0014
  734.2000    0.0013
  734.4000    0.0013
  734.6000    0.0014
  734.8000    0.0014
  735.0000    0.0014
  735.2000    0.0015
  735.4000    0.0015
  735.6000    0.0014
  735.8000    0.0015
  736.0000    0.0016
  736.2000    0.0016
  736.4000    0.0016
  736.6000    0.0015
  736.8000    0.0015
  737.0000    0.0016
  737.2000    0.0015
  737.4000    0.0016
  737.6000    0.0016
  737.8000    0.0016
  738.0000    0.0016
  738.2000    0.0016
  738.4000    0.0016
  738.6000    0.0017
  738.8000    0.0016
  739.0000    0.0017
  739.2000    0.0017
  739.4000    0.0017
  739.6000    0.0018
  739.8000    0.0017
  740.0000    0.0017
  740.2000    0.0017
  741.1970    0.0018
  742.1940    0.0018
  743.1910    0.0020
  744.1880    0.0020
  745.1850    0.0020
  746.1820    0.0021
  747.1790    0.0021
  748.1760    0.0021
  749.1730    0.0022
  750.1700    0.0022
  751.1670    0.0022
  752.1640    0.0022
  753.1610    0.0022
  754.1580    0.0022
  755.1550    0.0023
  756.1520    0.0023
  757.1490    0.0023
  758.1460    0.0020
  759.1430    0.0020
  760.1400    0.0022
  761.1370    0.0022
  762.1340    0.0021
  763.1310    0.0022
  764.1280    0.0021
  765.1250    0.0021
  766.1220    0.0021
  767.1190    0.0021
  768.1160    0.0021
  769.1130    0.0020
  770.1100    0.0020
  771.1070    0.0020
  772.1040    0.0019
  773.1010    0.0019
  774.0980    0.0020
  775.0950    0.0020
  776.0920    0.0019
  777.0890    0.0020
  778.0860    0.0020
  779.0830    0.0020
  780.0800    0.0019
  781.0770    0.0019
  782.0740    0.0019
  783.0710    0.0019
  784.0680    0.0019
  785.0650    0.0019
  786.0620    0.0019